23.094843403724482 21.11652260577288 18.27936929075044 14.798596675605864 12.407755763285493 10.594235306179986 12.260209803408598 14.856565748767816 18.220539777502935 21.89221739237354 18.07980372171541 21.432398813570035 23.54976438175699 23.322559635954754 21.05449810741084 18.07980372171541 14.997910921334046 13.015458269611916 12.790901686095712 14.163633378643365 
13.78290419369855 12.910436102092127 10.265054583153852 6.972382069700613 4.216397194883682 2.2724348037747104 3.4002818139500564 6.799939689672254 10.258387808669044 12.96783292911548 7.261964218517636 10.42007243860472 12.498278168723388 12.159454256276376 10.420445004650743 7.261964218517637 3.5105409003769563 1.8337511066343 2.04616849038983 4.062154762625518 
48.13858077029827 47.52256967658532 45.21258621633694 41.99899588487292 39.62475129923546 38.182559355408436 39.70989809813889 41.875362539912054 45.52223133747396 47.7377796798694 25.49567877252756 28.260757348410984 30.099341516344467 30.78243008708304 28.468701126251105 25.49567877252756 22.584519189330884 19.82842314754014 19.9390263370206 22.574240976806085 
38.26237562757948 37.16607736530974 34.38179674991059 30.99351798504849 28.679070300635352 27.788125813554338 29.177628855572713 31.22262029027996 34.58884959856797 36.852207452153195 13.408114042109215 16.645969970882778 18.554757244854596 18.689520613340417 16.336429681303542 13.408114042109215 10.842022395777782 8.831811864017805 7.624227695725777 10.398297953505228 
28.895688609135863 27.93165497330351 25.873973213433413 23.641795418651036 21.298809260887637 20.588582413312484 21.204903457007305 23.545103597932904 26.215581396058084 28.54906042279336 39.870612862340806 42.20470916809507 43.425110202449 43.1860523732825 42.35556104835469 39.870612862340806 37.31743811618133 36.257586526595425 35.2647536424043 37.087945240509896 
15.24522529204663 14.911508244677954 11.935444032509917 8.620809142266255 5.762713733623655 4.8134303844936746 6.03864375661162 8.652167404538215 11.673132397863576 13.6572440366793 32.16220708734559 35.55233751213175 37.363646187963994 37.16216522017681 35.41906495482239 32.16220708734559 29.10582411632305 27.258759762063214 27.768080186287754 29.683352951025412 
42.986251811753235 42.85889636683238 40.08164570516022 36.64385840607956 34.14678400094594 32.867194473078825 33.25975895278947 36.93697034794386 39.80351147105704 42.40583693382189 42.862396869007036 46.11645707321703 48.099318456879935 48.20589665582487 45.93805680737494 42.862396869007036 39.14227550974745 38.421002880214445 38.48148443455834 39.937503610593154 
8.192042790088745 8.249883323669138 6.896913355552373 5.557221801486319 4.684703945856054 4.1950908736371195 4.531916013566277 5.477623931465771 6.857916201065077 8.102334355961109 46.578323222546814 48.08640577352579 48.80265002700955 48.477143058925904 47.66049510951674 46.578323222546814 45.385144405002364 44.43452633201127 44.47401731844631 45.17744127157101 
13.628272419400615 13.504936988560404 11.746493061146005 9.678941761732297 7.86396328102102 7.701455547797218 8.062901273388263 9.711472393196185 11.59579279176164 12.92448000009695 42.36329394352257 44.436931085725 45.735427912111355 45.354428571404654 44.38806409920758 42.36329394352257 40.48306069972837 39.47227830455081 39.45496771306591 40.711383489116756 
32.68227021991284 32.27748376593641 30.957511531781886 29.478292360751016 28.461539285686992 28.193556012703986 28.42536307755173 29.513809810839508 30.820598273583926 31.88414043828645 22.34308086188164 23.84721303028022 24.652230159776376 24.586500054542636 23.61139464289157 22.34308086188164 21.048483527159465 20.20897314064044 20.455307244763784 21.124729349127897 
29.32898559178524 28.79297415063843 27.273442480967912 25.52391836068362 24.093260344790565 23.710896229511253 24.415797666572516 25.511084121547654 27.406315333533374 28.97892855526865 5.054022362693305 6.809363735676859 7.813130138408075 7.679396169868513 6.713222939112155 5.054022362693305 3.6291588674179938 2.389148829017165 1.8859739961002928 3.1635772064759786 
48.59611971783045 48.12799566812602 46.58711335314052 44.82635284214291 43.2771416112818 43.026470157063066 43.231157871586404 44.71781279867793 46.78031492392755 48.12028281659061 12.877964579459118 14.651614550951962 15.648918293438019 15.526074503085848 14.628666377410935 12.877964579459118 11.09385363902187 9.895802750935943 9.512397571712583 11.109918322618938 
34.088500451899876 33.24890280822572 31.09350494888477 28.8236454454536 27.342884828330966 25.798315684624022 26.370792872201342 28.693335457942215 31.235404693244924 33.27180662229498 29.288255911601556 31.714227841833708 32.931205411814894 32.63121563679913 31.153257214927255 29.288255911601556 26.716988461015763 25.54424328311068 25.2085839042416 26.845643386394563 
8.341384989991619 8.147619641787562 6.650772762366509 5.113812811644748 3.9206250975431445 3.4664757113381657 4.017796650694237 5.125693833745881 6.535501190802803 7.612478692881956 21.71696177511071 23.399191010895848 24.236178173167755 23.928021714687723 23.10582384136578 21.71696177511071 20.398698974732245 19.542467861659173 19.552514795159606 20.423535197182638 
23.239058635724433 22.315413733412523 20.909203039820913 18.925631463048344 17.592793319693055 17.44951374454089 17.78619893152012 19.035252671838926 20.850253207611768 22.612156421261865 30.216638817823082 31.92900899812511 33.14248380275935 33.39559941952851 31.935453211714517 30.216638817823082 28.638341826078904 27.375057605737684 27.472222760996132 28.288672454923883 
40.73222510716294 40.5175958269312 39.07212842022989 37.20864610224467 36.154472773075554 35.428477074562196 36.21946247198772 37.33448818831104 38.96425343629331 40.15157731339329 4.306286140050153 6.0272107573763565 7.147548562068732 7.200232569911865 5.755355976270701 4.306286140050153 2.9044340839715543 1.799641826758703 1.797028780166226 2.851289538846546 
22.575707778455023 22.658115160492265 21.148104724191164 19.49496624644392 18.081163893421426 17.87037586180627 18.224587639473103 19.534010721705343 21.028759600170826 22.006952701375024 7.557083397310454 9.259581954527611 10.121648756510936 10.08035511574363 9.179934584228283 7.557083397310454 6.0384356614250105 5.153978217607005 5.359824561549509 6.327682059282523 
48.47033582217841 47.57233660324182 46.28862246577619 44.52073529998164 42.71897343628216 42.00752890841031 43.117476355073734 44.45394326972154 46.418309574580206 47.68693986339711 5.192264861839346 6.748446035017455 7.833488229410082 7.992038720017929 7.162258433312215 5.192264861839346 3.5118006084028197 2.186926271714756 2.1519056145186495 3.552819546310362 
47.167472649556444 46.82979409284196 45.29842178612341 43.75678257646238 42.50437933026683 42.13172737006866 42.63771453948411 43.77339090565988 45.18961759813207 46.305910958529985 34.386345477610796 36.077967609478414 36.8390924827714 36.67827608828784 35.83732112201621 34.386345477610796 33.03224353318222 32.145530048284904 32.26846333060689 33.075346722525566 
6.372083068825727 6.1757632053114495 5.117220024991366 3.526428200569838 2.350013405138962 1.733145229287484 2.057860798177343 3.546636638218544 5.22795969989241 6.3861760082819 41.11843484687281 42.445219438810696 43.480923650360765 43.65189985247998 42.57122018626824 41.11843484687281 39.45338821385212 38.6471650171291 38.41512436902977 39.63877640514008 
20.815365809942115 20.35356289021689 19.08123774165167 17.57102526520749 16.176840600594815 15.567883130524152 16.316609272481234 17.546822291426324 18.960137143500894 20.201422333778005 44.53832996893997 45.99849088298782 46.80785669526165 46.91675931900723 46.112735425970484 44.53832996893997 43.06547239611777 42.08541152491574 42.64151255988901 43.18870563937937 
39.02980976385208 38.37310730904748 37.58067398436113 35.99934188789375 34.8389809284536 34.49371359858516 35.180862717311896 36.12983543278826 37.40110831794858 38.65762750847209 33.05017303730389 34.2165993377912 35.5523751392155 35.414810695496776 34.45143985166369 33.05017303730389 31.89729788210019 31.087153213940507 31.100617230752107 31.677030711858034 
31.886034328667485 31.690404571113678 30.59769616007213 29.13520496862551.7411323018950593 1.5890074857794199 1.9327706331686916 3.0927130040610793 4.513629065183414 5.665209063651058 33.53125756121458 34.95766814131727 36.15116295483477 36.10566645115074 34.975583576672356 33.53125756121458 32.22616494342308 31.572732054284163 31.11665309912088 32.124574926099065 
43.247758557508256 42.89671646731834 41.919066463160426 40.571206152529925 39.20083490121206 38.648591659921266 39.39477417190563 40.54273389572457 41.98144449636631 43.05557796859631 27.251656413604223 28.450929194132613 29.32296011257153 29.328640203076326 28.737598769323107 27.251656413604223 25.906619185894566 25.087044028096038 24.98837286875779 25.93696399633461 
25.069051451717527 24.483422342834995 23.518133229652314 22.24710152729122 21.099355901650323 20.471485469341907 21.015064282240285 22.201292639350147 23.65495721487762 24.953260101319806 24.820953948648665 25.98078612400507 26.76322747369301 26.79051376918889 26.119789960408678 24.820953948648665 23.460876490632817 22.710408867835888 22.457579496785677 23.319764660490332 
5.844769291453838 5.033419521613471 4.080545909538453 2.7318128838796123 1.7365065289541415 1.3295611420674835 1.8194552714474568 2.760824888887959 4.057147284995541 5.465203230192053 28.094465241655826 29.287710290459522 30.216488953311334 30.1234149591151 29.29656769315256 28.094465241655826 26.952628579225053 26.15480529439119 26.04445509154858 26.587510965669917 
9.349378454184947 8.895166866161968 7.649184877386878 6.293947146680878 5.099025398639428 4.916314172300649 5.543079749536907 6.345978847955757 7.700767225578125 8.89002867222703 3.336800306884735 4.735169728083987 5.425649978271821 5.418943488250255 4.696489104165291 3.3368003068847356 2.299735880277013 1.4147942359441334 1.0891964916606036 1.9421640020963544 
34.635913568301504 34.15596373284556 33.224130123574525 32.04048637136486 31.091939778393044 30.545371958473616 30.787886118236802 31.852873836259867 33.225826960019376 34.2043539619144 3.668575960539461 4.850076133834345 5.805602051404321 5.174430759730646 4.713219496981489 3.6685759605394614 2.403024509198235 1.5853091506879378 1.526327544083013 2.4519182278861438 
12.787090771843474 12.053349849901725 11.038625402301475 9.718758863988798 8.513031001263375 8.35339519742185 8.65451036571015 9.88119124440442 10.92847152657782 12.03282279986122 46.29239057486867 47.49416574550575 48.260191164210205 48.386721501760555 47.662807610466324 46.29239057486867 45.02476431437677 44.69797511108614 44.663608755397874 45.10552917906051 

27.870593187416873 27.3524804704403 26.451962255965853 25.148942920022517 23.806781400335062 23.469112178191377 24.12538616925233 25.050539943419253 26.555586486428975 27.55319718384207 18.531998398308335 19.64467624119955 20.4738672942389 20.60041066123161 19.995421721357637 18.531998398308335 17.300054989502748 16.16073291428415 16.271206914228966 17.27349132704927 
32.71041702131057 32.41113917134981 31.734309483964733 30.94575380923132 30.433611316937764 29.98069134702508 30.248326600711522 30.889595482324598 31.776198352726738 32.341336164208265 5.24357207191562 6.038929805974612 6.529693913483186 6.384375048621202 5.8849724244021715 5.24357207191562 4.4675544933012965 3.929931537013919 3.828529548568329 4.498929191127623 
18.796046968004138 18.51081271766043 18.045711390666945 17.450800381253256 16.779470787391613 16.56789246812312 16.925093420515243 17.38307902024547 18.116227569277115 18.654694092996678 26.138875749804324 26.69083873629884 27.045593784452688 27.063105534912793 26.844806306168994 26.138875749804324 25.538746229444094 25.006221046807095 25.01513123314294 25.482376825140122 
41.26481991866363 40.94650626135048 40.34151534791956 39.61211449455471 38.91298298768039 39.03115608912399 39.09314108722701 39.66701482200523 40.30933660091017 41.01565288759738 16.063161420850204 16.765966738913832 17.17832194870913 17.192865891393858 16.837797242796583 16.063161420850204 15.419418119989071 15.102422784286544 15.047036892909 15.310118138150107 
17.707707319297498 17.501219418478186 16.797641779463785 15.87240463167135 15.107594900158452 15.274950037653472 15.300429423031861 15.934017352841444 16.74828573327728 17.41813323224973 9.511005058305482 10.356584536106018 10.927547889928066 10.942049364426664 10.404495589140582 9.511005058305482 8.757617009205536 8.269585209810069 8.246364517491157 8.725791228289696 
15.397069774416035 14.988706822594747 14.305919347017877 13.355587540838558 12.48891362785715 12.097025435835203 12.377733748960129 13.387221725422291 14.290638881225227 15.087127998389951 47.25744808768296 48.091654706205084 48.689800258050525 48.74991647204751 48.23944753635609 47.25744808768296 46.19467172873266 45.86233971242373 45.8721243553258 46.351734299289326 
12.016003515727432 11.64657050960796 10.886980354733673 9.941098786819476 9.08930391172838 8.827172279765872 9.181811377328271 10.011899676673126 10.906131928524545 11.61688365028144 24.54895944078279 25.411280298563778 25.864031098101986 26.145011913150643 25.544601521808904 24.54895944078279 23.620527967672995 23.170809701534882 23.174945300096436 23.708207348825432 
25.306305874763964 25.26531959002892 24.625721537038086 23.986794941144403 23.463604298433467 23.16457215078183 23.346679736196776 23.904235304854044 24.691517323769915 25.227687577252446 13.708841494972646 14.408444829995917 14.703928381317546 14.680168474273156 14.31826094265105 13.708841494972646 13.014471380260874 12.483422082226117 12.511255998987702 13.036579417645923 
16.97646256539042 16.797032748438863 16.29083050104369 15.510664295001607 14.809816729491088 14.72891151608947 15.03070258368134 15.555478738634095 16.261800724928992 16.78305996061752 40.265140761454894 40.90953204412157 41.43689571564996 41.49449049585602 41.06454642888729 40.265140761454894 39.62621806092651 39.173715702449144 39.18273027129591 39.63090130337522 
47.54671063438312 47.39641199080484 46.724808690810676 45.8752577941811 45.22624905662459 44.855314361759724 44.99655140247024 45.91729667743218 46.675386434203155 47.30338538845971 44.66057502379982 45.44834109511523 45.93062323235523 46.005175623793725 45.449524616867265 44.66057502379982 43.70474031640618 43.44535680270898 43.542632880775436 43.94039673532399 
24.89080515943491 24.87072182052231 24.171156638662076 23.31513006866421 22.44511406867134 22.170363712580954 22.642960945735442 23.30600031660196 24.223259268244938 24.986232010846294 46.54260187537442 47.344249449873445 47.78539525155786 47.93438738105801 47.503261488854605 46.54260187537442 45.725686432114365 45.122717882070354 45.13945309388026 45.657031235187034 
25.643692578022804 25.40999490897193 24.6270283205235 23.6466145916047 22.973389513514 22.837152379517008 23.00376040419101 23.680792665068537 24.557789951375213 25.231106222464348 10.790533252728029 11.715110046170123 12.297380020741521 12.301089677828537 11.636253903053442 10.790533252728029 9.966878346092864 9.385166121659546 9.496780273583093 9.995926697812711 
47.91311195221408 47.616068024582795 47.19188878004375 46.45103468053575 45.901586334102404 45.43083945236755 45.819228630164396 46.463164996479314 47.096386989038926 47.64949554798255 18.22167243266811 18.81573062905299 19.432653857416106 19.29080547342467 18.87325809790376 18.22167243266811 17.510250393012626 17.1898726655918 17.304615297866402 17.60332771892741 
5.125870966036471 5.11055516402506 4.332457227091091 3.3052863591400743 2.6350345009369125 2.4318789027764165 2.484319534135233 3.351753475893005 4.1976806417123695 4.948899235516147 36.11615794649981 37.049315510442334 37.67433761026673 37.71928515289175 36.98157142324686 36.11615794649981 35.14124363676443 34.65604182035837 34.972777960749674 35.30045028952321 
31.77364358218905 31.69913582250522 30.95241486506771 30.16028528932216 29.72284329050341 29.382545718085797 29.561332889290515 30.208946673384396 30.896114130461555 31.580096462459927 42.911435684814776 43.74403983344173 44.14023265917775 44.1205628650335 43.51469210846653 42.911435684814776 42.19083508596665 41.852072845220555 41.85591455448004 42.16531869376726 
42.32439949543667 42.094453595650634 41.43283861822924 40.77938641864548 39.99377739521617 39.92730917096407 40.21032331309454 40.719474817438226 41.49636192101475 42.25931544301478 10.824141090179113 11.562652296284659 11.916283237429157 11.743118019918978 11.61186048125792 10.824141090179113 10.193751517704897 9.72077521171789 9.536494319719099 9.96585074071799 
17.671675289110247 17.21581461280861 16.74008706564422 15.980372390743668 15.310680282537048 14.951740925555265 15.293313914639828 15.95100682632533 16.774080908539805 17.543625268409055 5.477780220489803 6.083936403516843 6.5813601766855445 6.712361612185953 6.255785149968067 5.477780220489803 4.687157886177225 4.152820914623476 4.269577973649012 4.633455655035723 
48.746030537481516 48.56589822354756 47.76216365903112 46.71012504236283 45.74672766134389 45.67475588996237 45.56188085297141 46.645951765650096 47.75379688495669 48.52673039589227 40.97047104737731 41.93132644927051 42.567079208873785 42.611704816873434 42.05786295262586 40.97047104737731 39.74878007468009 39.13173224061579 39.39961316870896 40.03807273800526 
18.088785343866668 17.87876298199967 17.175306371633337 16.46491309377275 15.932085569966416 15.545311441004213 15.789856819211709 16.42799305616086 17.178346862873692 17.9157893282896 2.633294325865015 3.41780463730562 3.791516505335373 3.6614378425861487 3.2631279425739845 2.633294325865015 1.9001254730276758 1.4915226171938833 1.4657144765592875 1.8218827991881228 
32.22747846110291 32.07964630248296 31.388976505359864 30.715078895033766 30.15447148547104 29.890444656673523 30.02467744580613 30.654761855062027 31.435044321395612 32.0303181903738 39.62206989794609 40.38493330161114 40.72794806918816 40.59023530774639 40.257927872685144 39.62206989794609 38.89191103350887 38.46826772721363 38.37440956769718 38.89504546555457 
35.0324060699552 34.94631377061178 34.372765014175855 33.713385223191956 33.28485341956445 33.0674770772613 33.241201286307344 33.68118224940732 34.35233949865178 34.887060013172466 3.3934897249059848 4.07424787993332 4.512025980388928 4.30431579688023 3.9198531735092526 3.3934897249059848 2.835411145053273 2.3835530906666684 2.3378167422898035 2.755781944602426 
9.675714149042859 9.42863590605889 9.153059433226694 8.792780536704672 8.488124616538999 8.307311855354683 8.400193055513416 8.787115837638144 9.186777954622729 9.51829677782349 15.520551829572415 15.84964906926383 16.066492934444316 16.083435153318007 15.874776039786365 15.520551829572415 15.102441600719482 14.94023435476672 14.870835786502044 15.126312153445983 
20.859393521573622 20.69497024063326 20.350632920572984 19.877688357564416 19.41172622558708 19.18700945405349 19.420107633870266 19.869999170192425 20.348987983746657 20.78229291868949 24.774339724585566 25.199351628901073 25.514957741328132 25.489295403411013 25.28165917100946 24.774339724585566 24.273109727723984 24.03571916037109 24.038784302833076 24.28588418100289 
39.27732458935684 39.18688148528295 38.93471525524937 38.639657240727864 38.45313940443125 38.25055077951299 38.30205292422493 38.62302484006527 38.95150712237473 39.19797157913036 30.449684378177626 30.73763497055004 30.893374806822624 30.914089143337094 30.694828612131122 30.449684378177626 30.0947693909476 29.934090347315184 29.954313896522482 30.153676360985497 
37.099875078673904 37.03958472925154 36.61721714950601 36.18610872288636 35.78554002491227 35.57205478037573 35.843212436172166 36.19735742408683 36.60969219527609 36.92337799186246 27.947111598796447 28.402200959916968 28.57498732152057 28.646051183417157 28.40313904739831 27.947111598796447 27.532985609667513 27.28279195667503 27.342395303823764 27.57645137442984 
42.853516470751345 42.71356186984551 42.41763863912514 42.08019022839128 41.81828490015836 41.634169575768745 41.742545780157315 42.03682007425389 42.411824976764606 42.722540779106325 2.3501287336293695 2.706519843399897 2.9490676457380935 2.7897492398821813 2.6441944166803237 2.3501287336293695 2.001035358863953 1.7770286179831531 1.7690824344583447 1.9872140644257572 
38.59316051662251 38.36705863237341 37.92402965813453 37.46664677918473 37.065268509689176 36.92847806779676 37.17670919114104 37.47062354173558 37.907876871164355 38.2922976742958 21.739365379636666 22.23152160228372 22.460669613812485 22.42574090219048 22.19301504365702 21.739365379636666 21.366682110040994 21.065229073716857 21.067774311998452 21.301526172467415 
20.252958988906624 19.96533548636944 19.587188168507087 19.16549441447936 18.794362729947757 18.68394657123995 18.824778151571287 19.129247646296044 19.59807832879731 19.921185333964566 48.147316044670056 48.58291282476599 48.8287158411245 48.76375617271637 48.562480771250144 48.147316044670056 47.754249415406676 47.419319834910134 47.432399781173196 47.74379622791418 
45.25400954804272 45.13772896488267 44.83082816542217 44.37563137392812 44.116224067453324 44.111749073732135 44.067424153574734 44.44203734419426 44.80689469680165 45.08943981542381 46.71916211208042 47.09987672579155 47.38735155774287 47.4519243377742 47.08061424891745 46.71916211208042 46.32225476244759 46.19077644784489 46.124632308778835 46.37353161909235 
42.95272405425241 42.69694813072633 42.38822778098046 41.92091039025989 41.49238901216207 41.32721772184074 41.453683596199554 41.93191940880178 42.4094367535709 42.86112343070634 17.686126733947454 18.064729633680802 18.339770815692614 18.470737692258695 18.182687261347688 17.686126733947454 17.16144507578631 16.935398050763062 16.967208146420294 17.188243496730585 
27.353977668117853 27.221186195627386 26.913000685506024 26.557956404551167 26.342043379147203 26.244373525519823 26.26451387474557 26.54950524439986 26.897734909707 27.19824914712542 9.142640735855107 9.499399175108133 9.705396265181188 9.672599144992024 9.424616940965345 9.142640735855107 8.804336048621904 8.586672330250492 8.626868433387893 8.802547037805681 
25.193361075024875 25.113003663560455 24.576377250794547 23.77809536430214 23.172630651909436 22.937343232473584 23.115820139705296 23.76922564538343 24.52009494260253 25.17442986152906 32.81775383903395 33.49752294924531 34.045735722710766 34.04663097544002 33.5477482419809 32.81775383903395 32.04648418293292 31.56157851473239 31.76299108871392 32.09335598366472 
3.3109940936535374 3.1243175887989882 2.8142847949394656 2.4174896427701285 2.103969620178861 1.9566118128724819 2.1346308404553325 2.4229423816158695 2.8038133147550766 3.201433184170645 33.8441744754511 34.22120004579504 34.48709759503776 34.42246126332695 34.208475097673556 33.8441744754511 33.502150533720034 33.282669492153296 33.23347925803778 33.41112114549719 
41.817718632354115 41.822217564801164 41.32910899826615 40.71525975073546 40.22317015671467 40.15183150542717 40.3238976274269 40.737796216900094 41.28715648397695 41.70368328107082 7.755573571249075 8.345416452232774 8.73655599387545 8.663824872055311 8.327506636536956 7.755573571249075 7.256823297172041 6.916682381343824 6.9037077111936815 7.251850888422123 
46.71902024176081 46.61228259953136 46.237321319407634 45.85259614306439 45.670335653161466 45.46840807763039 45.493697180569875 45.85641212380897 46.24157006500076 46.58004331735689 47.92041216488403 48.328661328343344 48.495771214140156 48.529115457196355 48.196527517087226 47.92041216488403 47.51596145026112 47.3234532536875 47.33197682126228 47.53558621099683 
23.6806099370367 23.55502055675337 23.193424697583414 22.850091386652366 22.528145207769953 22.33896478430581 22.486484867550214 22.834235792959507 23.24488181426163 23.58878940586645 2.1084433549766244 2.495663098442296 2.635854887649119 2.637703101120484 2.4672922235077523 2.1084433549766244 1.719326477544683 1.5303851091521108 1.4226631014330846 1.696689106508504 
15.321001939110852 15.226519742311575 14.870478788329216 14.476575753128232 14.152210785354118 14.046402034160236 14.100915689722038 14.42170448467767 14.893782367540132 15.204088091137406 26.647438523302725 27.046136162332985 27.240567442071896 27.26661849121498 27.029272029719138 26.647438523302725 26.228336948431505 25.85938215581625 25.982588562438853 26.265038432823882 
34.50072560025949 34.32591014221181 33.95958678003359 33.58124797630046 33.21900524817015 33.03156507443102 33.21755366218869 33.56864325410318 34.011506108602745 34.41509479520418 5.690666391953619 6.0932606069959725 6.268655473162607 6.277084418468663 6.0922856568898025 5.690666391953619 5.287992488068852 5.065455019441333 4.952886047946164 5.223275733666903 
3.241085261311199 3.2377261862828526 2.7183098988310217 2.200703649395125 1.707139006224062 1.4403019770596577 1.7298776655413914 2.2188700855622283 2.7122213936917037 3.1399091371813963 31.77532000717965 32.33143324479092 32.53245452805731 32.61121371892988 32.33124344870089 31.77532000717965 31.235917168682278 30.99533683695006 31.03692397833528 31.290275015704573 
40.074850709170306 39.73833790748564 39.060845347793645 38.24397179446868 37.6933397204684 37.43147125973689 37.654686884973714 38.26168974847362 38.995273742142786 39.61165646995289 19.39228913501772 20.185811486018498 20.66859605799968 20.630060499057873 20.084544936578826 19.39228913501772 18.671950404641727 18.209048026331033 18.317790863253556 18.690806235893337 
7.561309875309457 7.43745344395013 7.136963018051743 6.721863563418138 6.352854487878459 6.197750249015648 6.459760915789903 6.753127758233894 7.132819152723086 7.424338179605601 25.56015121996433 25.926252337760943 26.186166004723198 26.21168119302173 25.982057369584002 25.56015121996433 25.21591713673946 25.00484254459442 24.946889941307738 25.203578899480046 
10.283003191767701 10.287666138934217 9.821732802028363 9.309004649346207 8.866345450194725 8.644739987371528 8.835975505863013 9.322994578032528 9.787161586701123 10.215782465521619 47.86618916650875 48.39398131166761 48.66795721097586 48.642436116597786 48.37104694765299 47.86618916650875 47.339266329234356 47.13299878962385 47.170820382314425 47.39062356715338 
41.00321743798476 40.91187963486207 40.6161570606788 40.30358250145211 40.028693770098364 39.810732575823316 39.94108964199545 40.25462196708142 40.62894276767974 40.929810715630595 31.581406069569045 31.920208139388166 32.106454170105536 32.01836354410434 31.88427609063395 31.581406069569045 31.214887923808543 30.99376356442977 31.01700760908463 31.229576306998492 
